
#####################classwise accuracy:
              precision    recall  f1-score   support

           1       0.58      0.36      0.45       266
           2       0.74      0.52      0.61      1262
           3       0.62      0.51      0.56      2465
           4       0.79      0.62      0.70       857
           5       0.54      0.58      0.56       763
           6       0.50      0.66      0.57      1936
           7       0.25      0.23      0.24       503
           8       0.84      0.84      0.84      3496
           9       0.66      0.53      0.58      2013
          10       0.28      0.49      0.36       908
          11       0.95      0.92      0.93      2368
          12       0.42      0.44      0.43       433
          13       0.64      0.19      0.29      1166
          14       0.64      0.90      0.75      2435
          15       0.58      0.22      0.32       205
          16       0.42      0.50      0.46       572
          17       0.99      0.99      0.99      2540

    accuracy                           0.68     24188
   macro avg       0.61      0.56      0.57     24188
weighted avg       0.70      0.68      0.68     24188

#####################overall accuracy and Kappa:
0.6810815280304283 0.6507478133725813

